10010100000000010000000000000001
10010100000000110000000000000101
00000000000000000000000000001100
00000000000000000000000000001100
00000000001000100001000000000000
10000000001000010000000000000001
00000000000000000000000000001100
00000000000000000000000000001100
01000000011000100000000000000000
01110100000000000000000000000101
00000000000000000000000000001100
00000000000000000000000000001100
00000000000000000000000000001100
00000000000000000000000000001100
00100100000000100000000000000000
00000100000000000000000000000000
00000000000000000000000000001100
00000000000000000000000000001100
00000000000000000000000000001100
00000000000000000000000000001100
